R 97 51 691 291
R 1431 402 1760 842
R 752 675 164 915
R 47 14 95 61
C 1091 363 1213 407
C 761 544 1116 825
C 1588 599 1710 668
C 1569 119 1662 210
C 78 23 104 55
R 1777 261 1377 113
R 1084 101 1149 139
R 1028 113 940 62
R 1284 101 1275 230
R 493 377 533 566
R 503 377 627 413
R 620 409 591 483
R 600 483 506 445
R 688 384 737 563
R 697 390 853 426
R 708 449 830 482
R 690 538 835 561
R 1011 403 901 425
R 903 425 928 470
R 911 466 986 484
R 986 484 945 564
R 970 557 872 538
R 1050 407 1056 555
R 1054 452 1127 490
R 1110 411 1147 551
R 1194 398 1299 416
R 1190 397 1211 557
R 1266 400 1294 553
R 1203 531 1301 548
R 27 27 30 25
